[
    (46.230915533575526, -79.14705276489258),
    (65.87444401469938, 75.09550094604492),
    (59.22348146007767, -135.44657707214355),
    (41.568903266355576, -122.85435676574707),
    (38.05586363455627, -110.94045639038086),
    (44.82196875859688, 10.947275161743164),
    (37.35016831879628, -101.1566162109375),
    (57.838309481086206, 11.805839538574219),
    (-33.542896969670096, 145.58524131774902),
    (44.26253542930766, -77.44271278381348),
    (34.92731938951564, 10.745658874511719),
    (15.308359823239426, 78.33518028259277),
    (-33.18741565521658, 18.69770050048828),
    (24.23005948058906, -99.00750160217285),
    (-31.901679612695883, -56.73073768615723),
    (47.47225675113209, -81.82024955749512),
    (39.23930003578569, -91.64022445678711),
    (42.15233247469604, 11.93939208984375),
    (-30.80709976838692, 148.50528717041016),
    (-5.514841338097549, -47.44969367980957),
    (54.09569455404996, 26.546401977539062),
    (62.07149822501763, 34.16928291320801),
    (51.1383246120505, 37.332658767700195),
    (58.09062699477468, 55.87371826171875),
    (-43.97453400937891, -176.47716522216797),
    (32.51938789485196, 45.84114074707031),
    (-34.05756605729297, -60.057878494262695),
    (-77.82786641463096, 161.01571083068848),
    (63.96108201997173, -145.4208755493164),
    (10.633361921330728, 122.68733024597168),
    (-12.473118034470605, 130.9977149963379),
    (64.72084891635063, 29.03059959411621),
    (51.383513121487745, -56.257381439208984),
    (22.40372830225099, 105.34120559692383),
    (-7.774097422106913, 114.17515754699707),
    (51.33066526687891, 57.15886116027832),
    (45.290407007833636, -74.17582511901855),
    (19.33536102912393, 72.92295455932617),
    (55.79915824700792, 74.0427017211914),
    (54.05198165870631, -125.76830863952637),
    (53.66854451116865, 91.3846206665039),
    (15.17495029372712, 120.51135063171387),
    (19.893386441714277, 79.70306396484375),
    (6.606804197362005, 80.8047866821289),
    (45.69580890435028, 15.356998443603516),
    (63.64435406796633, 146.30690574645996),
    (36.17321836405114, -98.82210731506348),
    (47.49232680185296, 34.670705795288086),
    (8.48281410557803, 8.543758392333984),
    (62.31848443897839, -136.31896018981934),
    (-31.28309878888508, 145.8950901031494),
    (2.5016842952271134, -76.6212272644043),
    (34.491560564940116, -92.7070140838623),
    (39.47456423504368, 22.095394134521484),
    (-0.5590064052619176, 116.98568344116211),
    (-24.324730228189345, -54.22499656677246),
    (49.221689577259575, -78.01820755004883),
    (-36.54784551881367, 141.2329387664795),
    (53.81555142160395, 124.44900512695312),
    (67.31286253334598, -64.0667724609375),
    (59.888979956087, 32.26212501525879),
    (63.6097347103775, 55.52687644958496),
    (26.49523360848777, 93.82813453674316),
    (-27.52950880436313, -48.87087821960449),
    (11.60608262122461, 105.48205375671387),
    (57.56529724550471, 67.19658851623535),
    (-20.18342931005305, 23.884191513061523),
    (54.959531941569814, 24.95621681213379),
    (-3.370513748106755, 104.75712776184082),
    (-34.43898234287144, 138.41228485107422),
    (60.8534396117568, -135.7068157196045),
    (39.76230068935423, -2.6950836181640625),
    (49.44100803369844, 30.726957321166992),
    (23.227386161269763, 89.21696662902832),
    (-5.456658345665296, 105.54780006408691),
    (45.88743921808834, -101.00915908813477),
    (61.57613789072434, 130.77515602111816),
    (-29.251957363918123, 17.55786895751953),
    (58.36639105270474, 27.005081176757812),
    (60.93568630477574, -46.163177490234375),
    (-20.726013359919865, -49.93758201599121),
    (-25.148314747980766, 143.230562210083),
    (-31.08881004771545, 150.93910217285156),
    (68.75222162892652, 26.44786834716797),
    (10.794019130536723, 7.5400543212890625),
    (8.260164095578784, -2.108602523803711),
    (50.146876363337, 21.26481056213379),
    (41.152614455147585, -84.72793579101562),
    (29.54097954593039, 30.658464431762695),
    (53.22068114803367, -106.52541160583496),
    (-21.18953362150262, -46.01820945739746),
    (50.345241314229625, -74.36113357543945),
    (-9.201579243748144, -75.81819534301758),
    (44.219984473722235, -75.61717987060547),
    (-7.744331728587066, -36.05635643005371),
    (49.62705840501771, -67.21040725708008),
    (-29.183788872722978, 147.88335800170898),
    (14.145730923171206, 121.26116752624512),
    (2.412673966142718, 99.22388076782227),
    (56.754369830044126, 46.902780532836914),
    (6.521450909276218, 124.82056617736816),
    (47.84795719090597, 117.9378890991211),
    (55.58484558214431, 72.6858901977539),
    (-25.14365296713691, 30.231800079345703),
    (43.989726974819945, -88.12262535095215),
    (48.35180016474024, 44.35197830200195),
    (62.2287957355435, 74.11359786987305),
    (56.858311143414866, 53.35741996765137),
    (34.02591682124143, 58.18230628967285),
    (15.88407389892396, -90.14659881591797),
    (46.49898309232907, 9.821090698242188),
    (62.8870823457305, 7.068328857421875),
    (33.557417863242165, -7.653608322143555),
    (24.503550716207492, 92.5601577758789),
    (-28.890674728586344, 153.2918930053711),
    (-3.5950603536783676, 38.811349868774414),
    (43.64309418043507, 144.46085929870605),
    (35.91519131677304, -90.65248489379883),
    (-28.091442001027467, 117.90544509887695),
    (5.606333424709695, -73.92949104309082),
    (18.805080613924044, 82.71125793457031),
    (2.990184523662913, -60.104570388793945),
    (-34.50599078168921, 145.18226623535156),
    (-29.473228477606, 153.20305824279785),
    (-14.250574045951733, -170.56720733642578),
    (54.220636159325196, 74.89508628845215),
    (40.114051752761064, -82.33248710632324),
    (36.284066139940265, -79.89446640014648),
    (52.818481201786504, 15.392017364501953),
    (32.81173229631215, -87.36147880554199),
    (7.244641007114465, -72.90329933166504),
    (-7.476772299847946, -63.95364761352539),
    (70.14724445097971, 23.309297561645508),
    (55.52071123688289, -118.3883285522461),
    (-33.67656850334754, -65.46134948730469),
    (26.80829111396328, 78.60872268676758),
    (65.82946430950811, -149.51053619384766),
    (47.435112748757945, -0.2741432189941406),
    (8.414555120182964, 0.391387939453125),
    (15.558800253464378, 101.33952140808105),
    (59.93308642810574, -128.48665237426758),
    (-34.13439959388638, 149.07451629638672),
    (37.38761749978395, 31.668176651000977),
    (37.36695113757115, -2.435016632080078),
    (69.37420611671998, 24.241418838500977),
    (-36.7333813569031, -72.27853775024414),
    (0.017166137438492792, 110.87213516235352),
    (39.793897109086274, 21.330900192260742),
    (35.750343523041764, 127.00186729431152),
    (55.38023200813199, 50.67091941833496),
    (39.09949330572342, -120.95157623291016),
    (44.150003727322805, -85.41380882263184),
    (36.110975158692476, -121.09105110168457),
    (43.31081492879184, 2.569427490234375),
    (61.825121432408814, 16.10149383544922),
    (40.854981015715204, 23.640947341918945),
    (35.7389885157361, -96.71359062194824),
    (48.33611196536992, 142.13802337646484),
    (-15.5819508855027, -47.53904342651367),
    (54.26933437299299, -8.916778564453125),
    (55.39173835312296, 73.1455135345459),
    (47.9103590930651, 106.90512657165527),
    (47.06059207020578, 35.0709342956543),
    (38.418224928265474, -81.49340629577637),
    (34.629535480830555, -106.78333282470703),
    (-2.547559142245359, -44.328975677490234),
    (67.51690676448206, 64.0762996673584),
    (5.220024174454013, -1.058807373046875),
    (45.030832747599575, -110.66605567932129),
    (57.45820250987171, 56.93844795227051),
    (34.726094511474024, -81.94890975952148),
    (49.474872846261526, 107.35007286071777),
    (33.83263662160945, 134.61092948913574),
    (65.34525581060599, 25.36914825439453),
    (49.126297473825154, -66.5595531463623),
    (45.96678249521317, -88.83570671081543),
    (51.47047724507885, 39.55421447753906),
    (45.839204736141795, -72.86115646362305),
    (60.08650592884889, 150.82769393920898),
    (62.52265587774334, 21.199750900268555),
    (-33.26337921692095, 121.7160701751709),
    (51.8535411724092, 10.981006622314453),
    (44.02374263964854, -77.90310859680176),
    (68.2498666375293, 16.05754852294922),
    (-35.913801042853265, 174.0289306640625),
    (21.225541680107558, 40.42076110839844),
    (-19.557040273771463, -65.76690673828125),
    (41.32990444907385, -106.51270866394043),
    (65.70998018397589, -17.697172164916992),
    (-0.5116299344617721, 101.98908805847168),
    (38.361378033734795, -122.39087104797363),
    (-42.35086914614958, -71.10780715942383),
    (-36.601058848004904, 145.0012493133545),
    (62.97219446051354, 22.393999099731445),
    (36.9413172312986, -2.5011062622070312),
    (-17.425502689921146, 145.89011192321777),
    (35.78746239087126, 51.45601272583008),
    (32.755808627757965, -111.62315368652344),
    (57.63924513099419, 57.368717193603516),
    (69.12023075699945, -105.05375862121582),
    (40.43028896848083, 40.74708938598633),
    (55.55490335343718, 45.79058647155762),
    (57.1452738530735, 101.46552085876465),
    (44.228472525527614, 141.7942714691162),
    (64.18851934249768, 54.82478141784668),
    (15.528783235765593, 102.9627513885498),
    (34.22145474280256, -84.54211235046387),
    (56.131393655763475, -120.68095207214355),
    (-23.76853605792256, 132.9572296142578),
    (-20.579037114942825, 27.644691467285156),
    (39.36914175111091, -101.03662490844727),
    (61.31154512760877, -138.89920234680176),
    (47.171744331787515, -54.046125411987305),
    (-24.261363400970865, -49.7171688079834),
    (50.33729846069658, -100.2074146270752),
    (41.404432664591205, -117.92501449584961),
    (44.30646832424237, -120.63966751098633),
    (14.106194156823223, -89.06916618347168),
    (47.12603822375702, 1.5308761596679688),
    (-37.63496539935415, 175.20678520202637),
    (48.97238617211646, -112.28113174438477),
    (-46.08198290588502, -68.52387428283691),
    (51.90557215028168, -110.17656326293945),
    (39.4760880442434, 39.901227951049805),
    (-25.46582676378329, 114.06426429748535),
    (63.84127387759973, -20.854454040527344),
    (57.41140279143619, 28.51827621459961),
    (-0.6239767707223649, -47.30206489562988),
    (52.46040259846574, 103.97366523742676),
    (-9.785866234376213, -77.43404388427734),
    (-0.7500529627286431, 37.412567138671875),
    (-31.685815432072303, 151.7929458618164),
    (-26.81334697442845, 26.515159606933594),
    (47.73909247468074, 96.75324440002441),
    (61.4250996937773, 63.6027717590332),
    (51.66291979789355, 114.04589653015137),
    (69.21972939243575, 22.563600540161133),
    (66.53456209212298, 25.802249908447266),
    (50.57963955930735, -100.61785697937012),
    (59.946543362250935, 18.16391944885254),
    (43.56882493016546, 44.117231369018555),
    (14.251239561326797, 121.39068603515625),
    (-34.25402405201247, 116.05768203735352),
    (47.32084691125249, -110.90320587158203),
    (41.66605152823603, -71.75874710083008),
    (56.61086135931953, -6.551370620727539),
    (47.72668080859291, 42.001848220825195),
    (59.46291638728597, 28.771047592163086),
    (-7.442645495240206, 110.22402763366699),
    (23.427575087411192, 69.5024299621582),
    (28.899917579348923, -100.58764457702637),
    (38.39905670969372, -5.964031219482422),
    (-41.38994596456068, -71.50022506713867),
    (55.8665464280003, 48.92443656921387),
    (-31.499970241595165, 121.58483505249023),
    (62.2601332732921, 151.69166564941406),
    (-23.984056860051876, 145.79724311828613),
    (36.55977345526626, -79.20241355895996),
    (33.28081710593732, -80.59527397155762),
    (47.377836420421445, -2.034616470336914),
    (40.68981509781854, 30.228195190429688),
    (0.8055802989522874, 122.89126396179199),
    (2.8435185179895632, -60.75207710266113),
    (53.68903242776353, 110.0489330291748),
    (-32.78395525520984, 24.722929000854492),
    (46.97562607145803, 27.753353118896484),
    (30.78070450170888, -101.49839401245117),
    (52.53768261573928, -2.2818946838378906),
    (53.25437958929742, 158.10321807861328),
    (56.50618654164953, -6.898555755615234),
    (37.53865644074687, 32.81247138977051),
    (22.487499039026364, 90.06729125976562),
    (56.96968475905694, 12.44776725769043),
    (45.925244414085384, -76.1161994934082),
    (-42.62543352668965, 147.63273239135742),
    (34.46304647363924, -103.22805404663086),
    (39.40973833726981, -107.3078441619873),
    (-25.85211759924821, 28.02783966064453),
    (-29.956868028350666, 151.13788604736328),
    (50.16881719562605, 88.2026195526123),
    (-23.038349929898907, 22.208433151245117),
    (39.79402900527077, -74.19556617736816),
    (1.5228862247839947, 37.75279998779297),
    (-23.721318570142405, 22.83585548400879),
    (63.56227434564013, 27.242746353149414),
    (60.64146549848672, -133.02589416503906),
    (45.39121736148285, -92.84588813781738),
    (55.708835454424715, 37.18494415283203),
    (1.345615648455167, 127.79528617858887),
    (16.63388920110637, 121.48123741149902),
    (59.99804194062014, 20.34015655517578),
    (5.747003278111845, -73.31339836120605),
    (40.63805550673184, -87.32388496398926),
    (-20.33416465315406, -46.28359794616699),
    (-26.805763099184855, 150.57354927062988),
    (26.703369516774117, 120.31831741333008),
    (62.683085937137896, -115.39953231811523),
    (-22.58001627682863, 17.354793548583984),
    (-31.290507043775094, 118.59234809875488),
    (-27.638675687585433, -64.18109893798828),
    (46.50814019420802, -108.15061569213867),
    (35.62932601373214, -96.82225227355957),
    (0.2603235824830596, 38.156633377075195),
    (48.944489471717674, -88.36441040039062),
    (23.30079750298915, -101.41745567321777),
    (35.43074278209167, 128.73221397399902),
    (-4.084052061399718, 15.365066528320312),
    (44.75167072009148, -122.78603553771973),
    (44.2057734741729, 23.796987533569336),
    (11.186906184765107, 104.9252700805664),
    (0.12325277359314436, 38.1404972076416),
    (26.281410117840313, 50.59985160827637),
    (45.39730487396954, -94.02949333190918),
    (47.70981929694527, 106.95722579956055),
    (27.053698736013036, 79.46230888366699),
    (79.65819512596265, 13.559532165527344),
    (27.8119775275029, -97.53593444824219),
    (42.52247078595428, -83.04900169372559),
    (10.813494587114727, -2.141904830932617),
    (-17.86938378984092, 23.59262466430664),
    (2.2681699355556693, -50.93802452087402),
    (64.78549929524453, 56.10271453857422),
    (-48.18337104030166, -67.4618911743164),
    (65.06637753467616, 21.27081871032715),
    (25.437771556213043, 55.599918365478516),
    (52.335915972920915, 106.83843612670898),
    (-18.502563716945083, -50.93785285949707),
    (59.11465330767036, 38.11800956726074),
    (36.37527108989106, 7.222738265991211),
    (37.21132768753443, 40.09563446044922),
    (-46.431941630083884, 168.27037811279297),
    (-34.19831507702443, 19.13097381591797),
    (79.79297370236493, 12.553253173828125),
    (47.88060667539878, 103.73634338378906),
    (28.298410575053683, 129.9459457397461),
    (30.168504536751847, 31.492652893066406),
    (65.75728345742748, -22.158222198486328),
    (54.93616638020634, 82.89536476135254),
    (40.83985303163767, 48.35803985595703),
    (52.97412617509225, 17.530317306518555),
    (12.011701952717738, 8.624095916748047),
    (15.279217362695249, 75.16081809997559),
    (-33.5820906300629, -59.94020462036133),
    (-7.4590709478790185, 30.56344985961914),
    (65.19268299697919, -17.44877815246582),
    (70.73144378576309, -52.641334533691406),
    (61.78866675761688, 34.349870681762695),
    (42.554534499319985, 143.2950210571289),
    (42.99259451971114, -74.6810245513916),
    (45.767642708081226, -77.02300071716309),
    (38.91447771430706, -121.16005897521973),
    (34.53456089748654, -101.75202369689941),
    (42.036225579288406, -71.96911811828613),
    (50.669646737245614, -97.37517356872559),
    (54.1688658459635, -128.57497215270996),
    (44.11482814687578, 142.61961936950684),
    (15.321025594166347, -92.3236083984375),
    (79.56304987275418, 13.539705276489258),
    (55.53552823298576, 37.044010162353516),
    (43.99337023805248, -108.55238914489746),
    (57.89861353923525, 49.74652290344238),
    (42.94297818450725, 1.02996826171875),
    (48.541670980601495, -108.81769180297852),
    (13.295666472882521, 78.65764617919922),
    (65.47672131425283, 12.340822219848633),
    (65.69330994007953, 21.848201751708984),
    (63.127598357865374, -142.06060409545898),
    (37.99291593373804, -84.53859329223633),
    (65.48534117551854, -138.22500228881836),
    (33.366305587407645, 10.506277084350586),
    (32.12416260501498, -8.820219039916992),
    (46.19153666022051, -73.33768844604492),
    (67.80087929108798, -149.81772422790527),
    (10.869974682592874, -85.59714317321777),
    (43.52820223785409, -83.99468421936035),
    (28.77111996564209, -17.989253997802734),
    (-45.33314210629354, -67.13650703430176),
    (19.955600803059802, 42.606611251831055),
    (-16.488024224396458, -49.09060478210449),
    (34.34322346452174, -116.56133651733398),
    (44.47985044791043, -83.88070106506348),
    (58.955231727104106, 135.06274223327637),
    (42.33634160033468, -8.145675659179688),
    (48.730832226135156, -77.4960994720459),
    (20.847261769257113, -156.32180213928223),
    (55.734021274491894, 98.35467338562012),
    (45.95556550703079, -116.23406410217285),
    (37.56233713979654, -3.38104248046875),
    (63.664237293648405, 56.19532585144043),
    (-34.621130653068505, -56.409645080566406),
    (49.35610383940491, 94.94513511657715),
    (40.640009428092604, 26.532068252563477),
    (47.60193843481197, -95.01302719116211),
    (36.239635121873164, -112.95232772827148),
    (51.36572531730105, 106.60514831542969),
    (15.811166024272715, -16.519060134887695),
    (46.99617776437491, -92.81001091003418),
    (-37.78306175736384, -66.20292663574219),
    (42.43986420397909, -74.74780082702637),
    (-44.03633151317742, -176.6513156890869),
    (-8.525512260726808, 117.47663497924805),
    (40.117464955930416, -124.14731025695801),
    (58.27051005647851, 47.7165412902832),
    (50.79937115070984, -114.84927177429199),
    (32.60200013427251, -96.76019668579102),
    (37.33986481118008, -112.2224235534668),
    (69.16689295049235, 23.437786102294922),
    (33.55276858165186, -84.2647933959961),
    (14.158714130784636, -16.0605525970459),
    (47.015492662584144, 91.58666610717773),
    (53.01824275332551, 51.40631675720215),
    (-21.149594425853035, 22.33168601989746),
    (66.08992087472782, 76.58011436462402),
    (73.88558457852506, -119.75277900695801),
    (36.5137062833369, 22.373056411743164),
    (39.809393179634064, -120.19944190979004),
    (12.768527898937553, -15.098733901977539),
    (-4.868883431733563, 104.58821296691895),
    (61.26618934162268, -149.63730812072754),
    (43.59095991975501, -85.72434425354004),
    (-18.768758346597068, 139.68832969665527),
    (-6.086020867766404, -49.88119125366211),
    (51.06076392785166, 31.917171478271484),
    (11.201977568219444, 4.633312225341797),
    (22.240325521683207, 111.79610252380371),
    (47.249640007726484, -88.44697952270508),
    (-18.006080267467222, -64.46219444274902),
    (-2.5873446032454637, 140.6004524230957),
    (-29.12517270155894, 19.389066696166992),
    (52.53126085529294, 7.37156867980957),
    (35.390449404387525, 129.05837059020996),
    (1.383713664532033, 124.67928886413574),
    (62.62204935221102, 29.901695251464844),
    (60.362195803384935, 34.859962463378906),
    (36.68218673078406, -106.86573028564453),
    (62.59183948360159, 24.598302841186523),
    (5.882686439896415, 95.34948348999023),
    (81.45097614459225, -76.45874977111816),
    (60.742929755108534, 47.55861282348633),
    (39.72996366536097, -3.4927940368652344),
    (42.98116746900932, -97.54151344299316),
    (42.85501512547384, 133.69674682617188),
    (42.60383113778968, -77.07501411437988),
    (30.956560453688333, 29.52275276184082),
    (-35.48429615948218, 173.56733322143555),
    (53.66152650711297, 60.31562805175781),
    (-31.773199369196355, 138.5112476348877),
    (-41.67823285052806, 146.7839527130127),
    (47.03573654091287, 92.07289695739746),
    (36.95503605687582, 30.72403907775879),
    (40.56904544565015, -77.78079986572266),
    (36.848856608486905, 34.70529556274414),
    (20.964164707410404, 106.94151878356934),
    (45.15504818775219, -89.16735649108887),
    (57.47237382693659, -6.453609466552734),
    (39.97126612655211, -105.80400466918945),
    (42.4532279083312, -122.86551475524902),
    (-33.66785400872455, -62.90350914001465),
    (-28.04266751088722, 148.4684658050537),
    (-34.11798681697807, -63.39755058288574),
    (-1.56115284817989, 37.27884292602539),
    (-14.532824690280307, -168.15759658813477),
    (68.79262171623967, 18.512649536132812),
    (53.38916413368055, 92.07572937011719),
    (31.857366124532465, 34.83944892883301),
    (39.945015753084164, -4.664812088012695),
    (52.88477371730293, 51.66947364807129),
    (52.80691240634177, 52.200164794921875),
    (63.486127011086126, 123.17012786865234),
    (-8.067387912564927, 110.55885314941406),
    (8.981138255872382, 11.808328628540039),
    (55.40821194900407, 91.72433853149414),
    (38.81904678309507, -110.03811836242676),
    (66.64307716283935, -150.66658973693848),
    (20.178112254727335, -155.8304214477539),
    (45.461455068770526, -123.15896987915039),
    (45.13186163062401, 14.60331916809082),
    (40.24337094755271, 8.666496276855469),
    (55.54606676365514, 159.45256233215332),
    (-0.3694127237714108, 111.71027183532715),
    (-10.18172378781883, 120.67760467529297),
    (40.022290624316035, -75.18073081970215),
    (64.80859821741512, -147.4006462097168),
    (57.73898298668491, -3.970355987548828),
    (16.976353043156614, 100.19393920898438),
    (-34.65573330217054, 147.98558235168457),
    (43.32773763997028, 132.41658210754395),
    (37.22458767351184, 22.4794864654541),
    (45.24552464592003, -98.49560737609863),
    (58.07206659714794, 56.29042625427246),
    (0.4833068751553605, -51.75830841064453),
    (-24.331769033362374, -52.62502670288086),
    (50.539944716560456, 1.8352317810058594),
    (41.044727966274564, 29.575881958007812),
    (59.49791725970008, -135.3822898864746),
    (57.05996342839084, 60.589256286621094),
    (44.154252947793644, 0.2041912078857422),
    (46.9125164282261, -90.7869815826416),
    (57.74003670387193, -5.652036666870117),
    (60.73462298863407, 114.93553161621094),
    (-27.724563291051215, -52.031850814819336),
    (14.952496989196453, 98.6143970489502),
    (-43.800774457670016, 172.24313735961914),
    (9.311621397046071, 166.87494277954102),
    (65.23841447357363, 26.894445419311523),
    (44.29848296897681, -70.52604675292969),
    (35.791013194240314, -5.84721565246582),
    (-8.469655664676878, 118.3473014831543),
    (52.78771075128165, 56.165456771850586),
    (-26.744997196889273, 150.6778335571289),
    (41.85741578253397, 9.399232864379883),
    (-42.92990798745719, -71.35757446289062),
    (20.55717934985006, -88.0620288848877),
    (54.26773040443412, 33.12129020690918),
    (29.376490877477416, 113.10047149658203),
    (-30.35421263205617, 115.21731376647949),
    (44.10620046316584, 144.02114868164062),
    (-29.153435568871046, 26.164798736572266),
    (25.275202044893877, 73.77988815307617),
    (19.78697636724424, 96.19277000427246),
    (10.335860584542292, 78.03812026977539),
    (46.744860135044775, 141.97443008422852),
    (43.600470490875466, -65.64030647277832),
    (1.477926365432477, 103.93152236938477),
    (67.17691412994697, 23.562583923339844),
    (53.33317950768028, 78.78862380981445),
    (49.78586382532816, -86.26782417297363),
    (23.908359395340874, 106.62909507751465),
    (26.260244632911625, 90.93993186950684),
    (-25.14924708278315, 30.216007232666016),
    (-41.226247859929636, -65.47945976257324),
    (52.01441941002029, -106.8131160736084),
    (14.797538337217686, 79.08379554748535),
    (6.265901793435623, 116.32118225097656),
    (49.01856456055335, -58.054847717285156),
    (-33.99304602005037, -56.72112464904785),
    (29.101851861414673, 75.87613105773926),
    (39.1707289869084, -108.11697006225586),
    (56.01891860709766, 124.86880302429199),
    (-8.189572433616144, 111.99522972106934),
    (45.939631094346026, 92.35527992248535),
    (9.247159001154106, -74.4268798828125),
    (44.17044644641607, -88.56748580932617),
    (58.89045768672168, 50.65143585205078),
    (15.349417312158478, -91.39002799987793),
    (38.913943444105435, -99.58582878112793),
    (50.41584685864266, 16.942806243896484),
    (-38.28973449601519, -72.16163635253906),
    (30.52463507663815, -114.68696594238281),
    (11.341455710041885, 122.68424034118652),
    (52.95510185504165, 90.1926040649414),
    (66.08950342267849, 24.581737518310547),
    (-51.023203517286355, -72.87368774414062),
    (69.2878033680081, 18.2332706451416),
    (49.57588166315754, -104.91179466247559),
    (36.31934379107642, 50.03328323364258),
    (46.367068242408834, 48.634843826293945),
    (-25.72599322601321, 146.59486770629883),
    (53.452282559162036, 7.618589401245117),
    (31.78604084977986, 131.4503002166748),
    (-8.105797624179836, 117.98861503601074),
    (15.806458722739537, 120.30046463012695),
    (38.44679966896702, -28.443002700805664),
    (35.82198896206403, 10.634422302246094),
    (52.25870177181814, 35.820579528808594),
    (50.50452922789743, 26.306419372558594),
    (-0.29122227205147916, 101.49290084838867),
    (-29.82515696865562, 114.99698638916016),
    (46.54918049496852, 38.895978927612305),
    (-5.433246852788199, 120.26003837585449),
    (-38.34306988226112, 146.71159744262695),
    (46.32156355500493, 93.47785949707031),
    (53.53061523752187, 77.8121280670166),
    (69.37378282288552, 19.318857192993164),
    (56.7884221374128, 40.9145450592041),
    (43.4607691805692, 145.0704288482666),
    (66.35121158171775, 22.77362823486328),
    (63.7687562706996, -18.160314559936523),
    (63.752932216862476, 23.730125427246094),
    (-21.857675083878416, 46.85420036315918),
    (10.980627761520783, 78.10893058776855),
    (59.44258791286275, 33.854970932006836),
    (44.07648694848453, -88.56448173522949),
    (60.91791894734337, 28.771820068359375),
    (50.35980888893791, 34.3747615814209),
    (-20.842529212633053, -69.70850944519043),
    (47.32905021218524, 102.66251564025879),
    (30.557974258920297, -96.29653930664062),
    (-0.5469906685774574, 117.38539695739746),
    (-13.354798565469443, -40.46891212463379),
    (47.816036419602156, 108.90626907348633),
    (49.91155069694204, -116.9176197052002),
    (-27.051099774816787, -51.61050796508789),
    (55.58537919112093, -116.80706977844238),
    (32.02284954293085, -89.40476417541504),
    (19.841159147156336, 76.01303100585938),
    (-31.928490576221677, -60.0527286529541),
    (57.18720430819063, 84.11725044250488),
    (23.845021854162553, 38.95434379577637),
    (-6.7677499922312085, -50.89510917663574),
    (-6.999952389820624, -55.43821334838867),
    (59.11993995134245, 31.67409896850586),
    (49.23928894967349, -99.67595100402832),
    (57.533888337111534, -122.93701171875),
    (3.122175760999856, 35.600595474243164),
    (-9.417310564524174, 124.48067665100098),
    (40.705107410619725, -89.44527626037598),
    (34.3169981769899, -88.97509574890137),
    (41.534860382007125, 45.17595291137695),
    (64.4980448588582, -165.39745330810547),
    (60.9305573106602, 23.40585708618164),
    (38.837300835121646, 22.946147918701172),
    (-14.330837648374514, -170.79620361328125),
    (43.398624354882486, -95.28914451599121),
    (33.40120836922374, 10.425596237182617),
    (55.624797668577116, 89.20529365539551),
    (44.99642887796968, -101.23480796813965),
    (24.380795187842846, 91.8977165222168),
    (-49.18248884147457, -72.39337921142578),
    (0.8819613228315937, 39.54803466796875),
    (34.977900374110334, 50.85597038269043),
    (61.43257052462254, -121.23790740966797),
    (44.548031845112675, -73.22670936584473),
    (-10.752534733036681, -62.355308532714844),
    (51.972561951086675, 127.89802551269531),
    (12.624257723269496, -8.030662536621094),
    (48.73066238477737, 98.20515632629395),
    (6.566047909142174, 124.0601921081543),
    (60.69251072863097, 60.484371185302734),
    (55.86182631222315, -5.439949035644531),
    (44.03552936080923, -121.4388370513916),
    (48.619236282568636, -103.97958755493164),
    (13.19741521490547, 78.07056427001953),
    (62.40699194714548, 152.17583656311035),
    (-25.35752242467134, 141.8422508239746),
    (20.055286257713288, 100.50541877746582),
    (21.598305308342805, -98.99076461791992),
    (-7.31394408276246, -48.04673194885254),
    (54.69109850079202, 99.68908309936523),
    (7.766273501146087, 125.00184059143066),
    (53.335844669744894, -111.18206977844238),
    (56.785084119835886, 60.427894592285156),
    (52.15013336719805, 107.29591369628906),
    (27.18677662479493, -80.48163414001465),
    (54.007163470366294, 57.85700798034668),
    (63.83484046739652, 38.445796966552734),
    (59.83032455847987, 48.25066566467285),
    (35.956888171215326, 0.8958148956298828),
    (43.177892437793155, -115.76474189758301),
    (32.91136952636176, 101.72232627868652),
    (30.438166076027198, -99.0475845336914),
    (48.70399017576138, 142.2692584991455),
    (-28.09204775606884, -63.623456954956055),
    (56.7359197751551, 85.37681579589844),
    (38.93163900447186, -6.958637237548828),
    (47.06205379946997, -108.80009651184082),
    (69.4930334950579, 25.844993591308594),
    (52.67273909106213, 103.73565673828125),
    (52.5804181996359, -8.483762741088867),
    (54.317324282715504, 71.44125938415527),
    (50.63460090528953, 137.0815658569336),
    (47.507577231644916, -117.37114906311035),
    (52.86871524063898, -0.24435997009277344),
    (63.50171739530455, 13.16213607788086),
    (25.957041437684993, 49.998779296875),
    (41.82231003368694, -79.45046424865723),
    (60.87032373513182, 71.40684127807617),
    (25.208513404892084, 55.63699722290039),
    (53.849488775828085, -122.65660285949707),
    (47.89079463078139, 105.97738265991211),
    (60.99067719110435, -149.5067596435547),
    (40.993180115976074, 75.35685539245605),
    (-41.40024794957668, 174.98645782470703),
    (-23.753689142487588, 17.313337326049805),
    (-24.56663998654321, 25.986013412475586),
    (48.37061963029842, 106.75432205200195),
    (16.053979480526102, 102.80653953552246),
    (35.098352723516676, -94.24458503723145),
    (47.7431328438905, 3.6575889587402344),
    (45.423877320342804, 13.659782409667969),
    (40.9717979479411, 36.57374382019043),
    (24.770291594424897, 72.45285987854004),
    (-46.46896061778326, 168.40109825134277),
    (51.95479241822059, -8.46771240234375),
    (52.656550134756976, 16.80161476135254),
    (-37.27685304084389, -61.93937301635742),
    (-28.811438044339127, 23.62386703491211),
    (-78.15824169352781, 166.26957893371582),
    (63.44068640036803, 45.885772705078125),
    (56.94829795830215, 75.12476921081543),
    (2.512145617606239, 38.058786392211914),
    (26.176468471163528, -112.08715438842773),
    (-16.06965071484569, -49.22544479370117),
    (54.868852971484756, 71.53112411499023),
    (57.26094402807857, -2.7294158935546875),
    (-37.45544222310056, 175.89377403259277),
    (19.711121825769848, 30.38947105407715),
    (23.626360490128988, 121.43669128417969),
    (68.0418092741982, 13.170633316040039),
    (64.91448224283364, 25.491714477539062),
    (0.4670854330081789, 123.10738563537598),
    (63.64961190781597, 41.520423889160156),
    (41.24302984537995, 36.27702713012695),
    (29.639126796352045, -81.8085765838623),
    (42.34433533786168, -113.88599395751953),
    (-26.762088498502713, -60.56161880493164),
    (31.38111930416329, -115.68989753723145),
    (-39.192551285360956, -66.25090599060059),
    (-27.605822945414317, 29.93671417236328),
    (25.58340135194113, 48.41099739074707),
    (48.73722916617096, 5.039463043212891),
    (13.155128261015472, 123.46092224121094),
    (-27.531031040398915, 17.81106948852539),
    (-29.555390403833307, 24.895362854003906),
    (-27.00308461157176, 120.38148880004883),
    (-27.627345647108818, 151.64995193481445),
    (-21.27713790435089, 134.08023834228516),
    (47.430816281299904, 92.22687721252441),
    (-30.623805811579324, 145.78728675842285),
    (53.4335716326196, 109.02471542358398),
    (-47.106412822553615, -72.50444412231445),
    (-3.5398925037040936, -41.71285629272461),
    (42.7403936231978, 75.83476066589355),
    (70.19051373528939, -148.43241691589355),
    (-38.0091482264894, 175.49792289733887),
    (43.14721536861934, 143.03890228271484),
    (35.037797365352766, 25.991249084472656),
    (-27.18860896827969, 152.95208930969238),
    (52.52567368191119, 103.84929656982422),
    (18.163876056117857, 56.45007133483887),
    (56.98451259603994, 28.55973243713379),
    (41.89895506484608, -76.62337303161621),
    (3.4044433135549186, -60.88889122009277),
    (36.726983893910536, 10.190162658691406),
    (56.01431298076533, -117.57671356201172),
    (54.041046242247646, 137.42059707641602),
    (25.520368433754953, 90.69960594177246),
    (63.5326048786562, 120.96333503723145),
    (51.16050705036679, 14.453887939453125),
    (58.82729479333203, 48.87542724609375),
    (51.791045729658904, 4.432382583618164),
    (22.23142736949398, 39.18231010437012),
    (50.179811318095126, 20.411911010742188),
    (9.242499630923147, 12.147703170776367),
    (50.70781909114206, -103.21475028991699),
    (20.475184898082663, 82.6764965057373),
    (64.71315086358918, -148.61583709716797),
    (54.38415632485394, 62.584476470947266),
    (-33.385729603654234, -71.12454414367676),
    (3.826488498474424, -60.02758026123047),
    (62.0119835130632, -145.35813331604004),
    (20.527521721037594, 58.8072395324707),
    (45.94613670749095, 106.34018898010254),
    (67.41421298891733, 15.643501281738281),
    (-7.037520074170608, 110.93616485595703),
    (53.956287543375836, 124.2169189453125),
    (39.25352462727605, 39.477996826171875),
    (24.524479879478363, 46.38256072998047),
    (35.55338739534273, 45.40752410888672),
    (55.116280891036844, 61.72496795654297),
    (12.012541465764983, -83.76156806945801),
    (-5.368561477770896, 122.64372825622559),
    (39.48953586932469, 141.11483573913574),
    (-26.400096070644754, 147.218599319458),
    (50.87758580817797, -109.81341361999512),
    (11.189432169673395, 122.49558448791504),
    (-5.836067726414906, 105.63405990600586),
    (38.88608904154343, -82.78687477111816),
    (66.71171880999091, 66.26481056213379),
    (45.84105838258944, -87.72171020507812),
    (74.57990992130088, -57.21147537231445),
    (-28.353564636421346, -65.70751190185547),
    (43.27426828466465, 142.3853874206543),
    (-23.9479786343357, -50.968666076660156),
    (40.21257180837637, -86.63294792175293),
    (33.473191360181495, 62.25977897644043),
    (23.612598427711728, 70.62981605529785),
    (56.14956575050079, 62.59941101074219),
    (-31.915814627085112, 121.64560317993164),
    (-1.4083397602882448, -48.09187889099121),
    (20.232724270176956, -99.7943115234375),
    (52.253763044894114, 104.13313865661621),
    (35.44717613352413, -93.03814888000488),
    (-1.1649854849087393, 101.71992301940918),
    (-17.747215228716136, -51.523733139038086),
    (49.75864680446802, -84.92594718933105),
    (46.76796960664913, 24.916048049926758),
    (37.79771268600648, 112.55115509033203),
    (6.206602464380239, -74.66085433959961),
    (61.69467497839181, 130.78768730163574),
    (32.42221052550036, -104.2368221282959),
    (42.03628932756402, 41.74057960510254),
    (39.91171131475969, -112.8896713256836),
    (42.17968819665962, 0.6969451904296875),
    (31.523605270269616, -110.20488739013672),
    (62.67414334669093, 135.41516304016113),
    (31.82477337242096, 130.62975883483887),
    (45.361915805327, -67.2758960723877),
    (47.10314121864015, -119.76505279541016),
    (-17.28049702336017, -42.87466049194336),
    (57.18669268035093, 55.5908203125),
    (36.415687923291316, 59.391231536865234),
    (52.76034672935344, 103.6585807800293),
    (1.252084246127482, 97.63936042785645),
    (46.400935144390424, -74.27023887634277),
    (66.80688869070421, 32.52124786376953),
    (70.48448020356223, -21.973257064819336),
    (45.49449556344439, -70.86705207824707),
    (46.39016159086678, -79.25142288208008),
    (45.07655120305171, -93.7818717956543),
    (46.13422952447352, -64.8346996307373),
    (51.62387833280948, 85.77034950256348),
    (56.643439141619325, 124.80159759521484),
    (-26.791589851628874, 17.897930145263672),
    (-37.199022523292165, 149.9586582183838),
    (47.486062984875105, -70.50639152526855),
    (36.799594711051135, -80.63956260681152),
    (39.97073990227103, 20.600481033325195),
    (47.02093469067283, 142.3216152191162),
    (9.228097551424897, -76.12950325012207),
    (-35.62660519422424, 142.8541088104248),
    (37.706300451352476, -121.8552017211914),
    (29.811008155026514, -101.55109405517578),
    (-27.969464296294948, 32.378854751586914),
    (-21.39633988389558, 27.038984298706055),
    (34.08351672471426, -108.62972259521484),
    (-12.950443684053484, -76.40261650085449),
    (50.58716036201164, 137.12568283081055),
    (-13.063760226387043, -55.86625099182129),
    (68.44353115296782, -134.53007698059082),
    (-30.978418563739925, -64.13329124450684),
    (-27.688012310994996, 153.27764511108398),
    (49.08533477093021, 34.269704818725586),
    (-39.27000559146546, -71.83539390563965),
    (40.541199704952, 16.592016220092773),
    (11.433926649911186, 76.0030746459961),
    (56.9019724539189, 124.8804759979248),
    (67.36521014537871, 78.7338638305664),
    (49.12809478757162, 142.97959327697754),
    (67.98715170120481, -149.76313591003418),
]
